1    
2    
3    
4    
5    
8    
9    
10   
11   
14   
15   
16   
18   
19   
20   
21   
23   
24   
26   
27   
28   
29   
30   
31   
32   
33   
34   
35   
36   
37   
38   
39   
40   
42   
43   
45   
46   
47   
48   
49   
50   
52   
53   
55   
56   
57   
59   
60   
61   
62   
63   
64   
66   
67   
68   
71   
72   
75   
76   
77   
78   
79   
81   
82   
85   
87   
88   
91   
92   
93   
95   
96   
97   
98   
99   
101  
103  
104  
105  
108  
109  
110  
111  
112  
114  
116  
117  
121  
122  
123  
127  
129  
131  
134  
136  
139  
142  
147  
148  
154  
156  
157  
159  
160  
161  
164  
167  
168  
169  
170  
176  
178  
179  
189  
193  
196  
202  
203  
205  
206  
207  
210  
211  
212  
219  
221  
224  
228  
231  
234  
238  
240  
246  
253  
256  
260  
265  
266  
277  
280  
293  
296  
307  
309  
312  
318  
322  
328  
330  
331  
334  
337  
341  
345  
348  
355  
359  
360  
362  
369  
374  
376  
379  
381  
384  
391  
396  
398  
399  
401  
402  
418  
423  
433  
437  
440  
444  
450  
456  
467  
469  
471  
480  
485  
490  
501  
508  
513  
519  
522  
524  
530  
534  
536  
542  
546  
553  
564  
566  
567  
576  
579  
585  
587  
700  
726  
728  
731  
733  
734  
735  
736  
738  
743  
745  
751  
755  
759  
767  
770  
771  
773  
783  
791  
795  
800  
806  
831  
845  
851  
859  
863  
873  
878  
882  
888  
891  
893  
899  
905  
912  
918  
921  
922  
923  
925  
931  
932  
939  
944  
946  
954  
963  
969  
976  
981  
998  
1015 
1018 
1023 
1036 
1046 
1051 
1052 
1066 
1076 
1080 
1095 
1097 
1116 
1122 
1128 
1140 
1141 
1143 
1145 
1149 
1162 
1179 
1186 
1188 
1200 
1211 
1212 
1217 
1227 
1236 
1252 
1263 
1264 
1265 
1275 
1308 
1311 
1313 
1334 
1336 
1340 
1347 
1349 
1354 
1362 
1378 
1381 
1386 
1389 
1398 
7023 
7033 
7065 
7081 
7154 
7209 
7223 
7235 
7262 
7268 
7270 
7293 
7306 
7329 
7360 
7379 
7395 
7404 
7408 
7449 
7476 
7487 
7501 
7503 
7518 
7611 
7618 
7626 
7637 
7646 
7650 
7656 
7714 
7727 
7753 
7848 
7986 
1414 
1417 
1430 
1447 
1448 
1450 
1460 
1479 
1489 
1506 
1519 
1525 
1537 
1538 
1539 
1542 
1545 
1547 
1560 
1562 
1566 
1577 
1578 
1590 
1643 
1653 
1657 
1663 
1697 
1698 
1719 
1721 
1737 
1749 
1764 
1792 
1794 
1833 
1850 
1867 
1871 
1888 
1892 
1900 
1905 
1942 
1953 
1963 
1966 
1994 
2023 
2026 
2036 
2042 
2061 
2069 
2086 
2090 
2106 
2109 
2116 
2138 
2147 
2157 
2161 
2164 
2181 
2204 
2208 
2231 
2239 
2242 
2245 
2249 
2259 
2275 
2293 
2299 
2301 
2302 
2305 
2306 
2311 
2318 
2325 
2330 
2364 
2369 
2378 
2410 
2412 
2429 
2436 
2440 
2449 
2451 
2478 
2482 
2487 
2488 
2514 
2515 
2520 
2521 
2540 
2542 
2544 
2548 
2550 
2554 
2562 
2572 
2581 
2588 
2596 
2610 
2626 
2641 
2646 
2648 
2665 
2682 
2691 
2699 
2725 
2771 
2772 
2786 
2795 
2818 
2823 
2834 
2835 
2843 
2851 
2873 
2900 
2901 
2905 
2909 
2916 
2921 
2922 
2928 
2929 
2938 
2956 
2981 
2991 
3022 
3034 
3040 
3041 
3048 
3083 
3087 
3101 
3108 
3110 
3125 
3126 
3141 
3147 
3187 
3217 
3218 
3226 
3234 
3238 
3258 
3282 
3291 
3303 
3304 
3318 
3361 
3378 
3390 
3418 
3426 
3453 
3457 
3532 
3541 
3649 
3652 
3687 
3714 
3730 
3793 
3796 
3825 
3832 
3901 
3953 
3979 
3992 
4014 
4065 
4066 
4079 
4089 
4094 
4109 
4127 
4131 
4143 
4159 
4193 
4239 
4241 
4310 
4328 
4381 
4394 
4412 
4447 
4478 
4491 
4502 
4503 
4506 
4522 
4527 
4542 
4554 
4589 
4608 
4651 
4677 
4685 
4700 
4737 
4747 
4749 
4751 
4786 
4798 
4813 
4834 
4859 
4871 
4885 
4898 
4938 
4949 
5014 
5021 
5023 
5038 
5067 
5069 
5099 
5106 
5120 
5127 
5132 
5168 
5208 
5246 
5277 
5309 
5328 
5386 
5402 
5433 
5456 
5460 
5488 
5494 
5514 
5523 
5534 
5557 
5593 
5605 
5613 
5670 
5697 
5703 
5755 
5767 
5782 
5783 
5795 
5807 
5834 
5850 
5887 
5913 
5921 
5922 
5997 
6012 
6026 
6063 
6069 
6073 
6086 
6127 
6129 
6164 
6195 
6237 
6276 
6310 
6317 
6350 
6389 
6419 
6431 
6441 
6513 
6537 
6538 
6546 
6559 
6585 
6614 
6615 
6644 
6673 
6678 
6680 
6687 
6703 
6707 
6710 
6772 
6831 
6874 
6919 
6920 
6924 
6974 
6983 
