0    
1    
5    
8    
10   
13   
21   
23   
24   
27   
28   
30   
31   
33   
35   
36   
42   
48   
50   
54   
63   
65   
68   
72   
74   
76   
81   
88   
102  
103  
109  
113  
116  
117  
120  
121  
141  
142  
143  
148  
149  
150  
156  
157  
159  
164  
165  
168  
172  
177  
178  
184  
185  
191  
193  
198  
201  
208  
217  
218  
220  
226  
237  
248  
254  
258  
266  
268  
272  
274  
295  
297  
301  
312  
314  
315  
316  
317  
319  
327  
343  
357  
359  
360  
369  
371  
372  
373  
377  
384  
386  
390  
395  
396  
401  
413  
414  
426  
433  
434  
437  
441  
457  
458  
464  
467  
475  
487  
492  
494  
500  
507  
508  
511  
518  
534  
540  
541  
545  
546  
550  
559  
561  
565  
568  
569  
570  
575  
594  
597  
602  
604  
616  
618  
619  
620  
621  
622  
623  
625  
627  
635  
642  
654  
657  
664  
673  
682  
693  
699  
726  
728  
731  
733  
734  
735  
736  
746  
751  
753  
755  
767  
773  
781  
783  
791  
795  
806  
819  
831  
835  
845  
859  
863  
873  
878  
891  
899  
905  
932  
939  
954  
963  
969  
976  
981  
998  
999  
5014 
5021 
5023 
5038 
5067 
5081 
5095 
5099 
5106 
5127 
5132 
5168 
5208 
5246 
5265 
5277 
5309 
5355 
5386 
5402 
5433 
5456 
5459 
5460 
5488 
5494 
5514 
5532 
5557 
5593 
5605 
5626 
5642 
5670 
5697 
5703 
5711 
5722 
5755 
5767 
5773 
5781 
5782 
5783 
5795 
5807 
5834 
5851 
5876 
5887 
5913 
5922 
5982 
5991 
5997 
6012 
6019 
6020 
6026 
6051 
6058 
6063 
6069 
6073 
6086 
6092 
6127 
6129 
6164 
6184 
6195 
6237 
6276 
6317 
6348 
6350 
6399 
6419 
6441 
6497 
6513 
6537 
6538 
6546 
6559 
6585 
6601 
6614 
6615 
6644 
6673 
6678 
6680 
6687 
6703 
6707 
6710 
6772 
6831 
6857 
6874 
6907 
6919 
6920 
6962 
6974 
6983 
7023 
7033 
7065 
7076 
7081 
7139 
7154 
7209 
7219 
7223 
7235 
7262 
7268 
7270 
7293 
7329 
7360 
7379 
7395 
7398 
7404 
7408 
7449 
7458 
7487 
7501 
7503 
7518 
7611 
7617 
7618 
7626 
7637 
7646 
7705 
7727 
7753 
7848 
7912 
7986 
1012 
1015 
1018 
1019 
1023 
1036 
1041 
1046 
1052 
1066 
1080 
1082 
1087 
1098 
1114 
1116 
1122 
1140 
1141 
1143 
1144 
1145 
1149 
1153 
1154 
1162 
1176 
1188 
1200 
1211 
1212 
1225 
1236 
1241 
1252 
1264 
1265 
1275 
1308 
1311 
1313 
1317 
1334 
1336 
1337 
1340 
1347 
1349 
1360 
1362 
1381 
1398 
1414 
1415 
1417 
1425 
1447 
1448 
1450 
1459 
1489 
1501 
1506 
1519 
1525 
1539 
1542 
1547 
1560 
1566 
1577 
1578 
1589 
1590 
1643 
1653 
1663 
1668 
1697 
1698 
1711 
1719 
1721 
1737 
1749 
1764 
1773 
1792 
1794 
1799 
1833 
1836 
1850 
1867 
1878 
1892 
1900 
1905 
1942 
1948 
1953 
1994 
2026 
2032 
2061 
2069 
2073 
2086 
2090 
2106 
2109 
2138 
2139 
2147 
2157 
2158 
2161 
2164 
2181 
2204 
2208 
2231 
2242 
2249 
2259 
2275 
2287 
2299 
2301 
2302 
2306 
2311 
2318 
2322 
2323 
2325 
2330 
2364 
2369 
2383 
2412 
2421 
2429 
2440 
2449 
2482 
2487 
2488 
2515 
2520 
2522 
2525 
2540 
2542 
2550 
2562 
2572 
2581 
2588 
2596 
2610 
2626 
2641 
2645 
2646 
2648 
2653 
2665 
2682 
2690 
2691 
2699 
2704 
2725 
2726 
2771 
2772 
2783 
2786 
2791 
2795 
2815 
2823 
2849 
2852 
2873 
2900 
2901 
2905 
2909 
2921 
2926 
2938 
2945 
2956 
2981 
3022 
3034 
3040 
3041 
3048 
3101 
3108 
3110 
3126 
3141 
3174 
3201 
3217 
3218 
3226 
3234 
3235 
3238 
3258 
3269 
3282 
3303 
3318 
3361 
3390 
3408 
3418 
3426 
3452 
3457 
3471 
3507 
3516 
3532 
3541 
3596 
3687 
3714 
3730 
3739 
3793 
3796 
3823 
3825 
3832 
3901 
3953 
3979 
3992 
4021 
4054 
4066 
4094 
4102 
4109 
4158 
4159 
4193 
4241 
4242 
4307 
4310 
4328 
4394 
4412 
4444 
4447 
4456 
4474 
4478 
4503 
4506 
4537 
4542 
4554 
4589 
4608 
4677 
4685 
4747 
4749 
4751 
4757 
4786 
4798 
4813 
4834 
4885 
4898 
4949 
4967 
